302713
303340
301985
302034
302035
303371
303372
303423
303429
303460
302166
302167
282703
282704
282705
282706
303051
303375
303376
303377
303378
303453
303459
303462
303463
302708
302703
302704
298741
284913
284915
284916
284917
284918
298717
296751
282738
282739
282741
298583
298584
282897
282900
284921
301221
301222
301223
301224
301225
298742
301226
284544
284545
298259
301806
301795
301796
282860
301797
301798
301808
300137
300139
300141
285966
302214
285968
285969
285970
285971
302215
302216
302217
301305
301306
301307
285448
285449
285450
285452
285453
285454
285456
301308
300819
300820
300821
300822
300823
296760
296761
296762
296763
296764
296765
296766
285182
285183
296767
300824
296768
296769
300827
285004
285005
285009
285010
285011
301370
300768
300769
301106
301374
301375
301376
301377
301379
296786
296847
296848
285676
296906
296907
296908
296909
296910
296911
296912
296913
296914
296916
296918
296919
296920
296921
296922
301366
301367
285267
285268
285269
301560
301561
301380
301525
285545
285546
301302
300322
300323
296929
296950
296951
296952
296953
296954
296955
285274
301121
301122
300228
301123
301124
301125
301126
285565
285566
285567
285568
285569
299956
299957
296956
296957
296966
296967
303012
303013
303017
303018
303019
303020
303021
303034
303035
303037
303038
303039
303040
303042
303043
303044
303045
303046
303048
303073
303077
303078
303083
303084
303112
303113
303123
285573
285574
285576
285100
285765
285767
285769
302279
301354
301355
301127
301128
301129
301170
301526
302603
301790
301791
301792
302604
301527
301528
301529
301550
301551
300834
301356
301357
301552
301562
301563
301656
301657
301658
285660
285661
285664
285665
285666
285669
300044
300048
300049
300050
301358
301359
301360
285363
285365
285671
285674
285675
285677
285678
285679
285680
301659
301660
301661
301662
301663
301664
301665
301666
301668
301669
301670
301671
301672
301673
301554
301303
301555
301556
295808
301674
301675
301676
301677
301678
301679
301680
301681
301682
301683
301684
301685
301793
301794
301304
285862
285863
285864
285865
285866
285868
285877
303022
303027
301361
285447
303031
303442
303139
303145
303193
303194
303195
303196
303197
303198
303201
303202
301368
301369
302350
302351
282700
282701
302275
302274
302276
302277
302278
300950
282007
282009
282010
282011
282012
282014
282015
299675
300951
300952
300955
282024
282030
303302
303303
301523
296784
302614
299691
299700
301524
301799
301800
301801
302923
302925
302928
281786
302929
281788
302950
302955
302963
302964
302967
299701
282480
281810
282485
282487
282489
282111
282115
281534
281535
284454
284455
284460
284464
284465
284466
284467
284469
301802
301803
301804
298266
298267
298269
282170
296779
296780
296781
296788
296782
296789
296830
281574
281896
281899
281900
300765
301805
282209
282210
282211
282212
303190
302608
296845
296890
296891
296892
296893
296894
296895
301198
301199
301200
299910
301201
296896
296897
296898
296899
296900
296901
296924
296958
296959
296960
296961
296962
282295
282296
282298
282299
282300
282301
282303
301519
301520
301564
301565
301566
301567
301568
301569
301650
301651
301652
301653
301654
296963
296964
296965
296968
296969
296970
281678
281681
281682
281683
281684
281685
281687
281691
281693
282317
281694
281695
281696
301686
301687
301688
302210
302211
302212
302213
302218
302270
302280
302281
302282
302283
302284
302285
281690
299949
299952
300728
300750
302286
302287
302288
302289
300888
300889
300890
300891
300895
301521
301522
282663
282664
282666
301655
301689
301690
301691
301692
301693
301694
301879
281340
281419
303246
303247
281065
281069
301263
281077
281085
302898
281438
281439
281440
302930
303152
302933
302979
302980
302983
302984
302985
303160
302990
303234
283630
281342
283634
283635
283639
283986
281087
281088
281089
303243
303412
283988
283989
302219
302220
302221
302222
302223
302224
302225
302226
302227
302228
302229
281120
281122
281124
302168
297204
297210
283673
284076
303244
303245
303248
303249
303343
303344
303345
303346
303347
303348
303415
281161
283723
283724
283725
283726
283727
283728
283729
283730
301990
301991
281169
281170
301863
301864
301865
301866
281179
281180
281181
281182
281183
281184
281185
281186
301867
301868
301869
303055
303099
283446
302769
302800
283755
284077
283448
283449
283450
283451
283452
283454
283455
283457
284082
284083
284084
297145
281229
281237
281037
302892
302893
302894
283815
281248
281250
281251
281253
301403
301424
301425
301426
301427
301428
301429
283818
301264
281290
301313
302883
297116
297117
302889
301025
301881
301092
301113
301882
301883
301884
301885
301886
281307
281320
301874
301875
281333
281334
281335
281336
281337
281338
281339
281341
281343
281344
281345
281346
281347
283540
283542
283543
283544
283545
283546
283547
283884
281010
281012
281013
281014
281015
281017
281020
281021
281023
281025
281026
281027
281028
281029
281030
281356
301878
281358
281359
283896
283898
283899
283900
283902
281036
281040
281041
281043
301314
297203
301265
301266
283579
301267
301268
301269
301310
301311
301312
281044
281046
281048
281049
281050
281051
281052
281053
281058
281060
281061
281062
281063
301315
301316
301317
301318
303005
301333
301398
303006
301335
301399
301337
301400
301339
301340
301341
301401
301402
303007
303008
303009
303052
303054
303178
284653
284655
284656
299498
303098
303159
301060
299502
284198
302717
284204
284205
302718
302721
302722
302724
302752
302753
302754
303108
303239
303236
284736
284731
284732
284733
284734
284735
295797
302895
302896
302900
302901
302902
302903
302904
302998
284738
284739
284740
284741
284742
284743
284744
284745
284746
284749
301237
301238
303327
303328
303329
303332
303342
299556
284291
284292
284293
284294
301115
284826
284828
284829
284830
284834
284843
286054
299443
299445
284383
284385
284386
284387
284388
302358
302359
302630
302364
302696
286143
286144
286145
286146
286147
286148
302077
302082
302049
302258
302310
302311
302314
302914
302916
302918
302919
302920
303029
303117
303126
303127
303129
301343
301344
287138
287139
287140
301345
301346
301347
301348
298352
298354
287160
301391
301392
301393
301394
286237
286238
301851
302915
302917
302958
298355
298356
298357
301612
301613
297939
301614
301615
286569
286572
301616
298393
298394
287499
287501
298396
287504
287505
287506
287508
287509
286576
286577
286578
286579
301617
301618
301619
301620
301621
301623
286573
286664
287512
301442
301997
301443
301444
301998
296370
301624
301610
301622
301783
301784
296376
301785
296378
296379
301786
296381
301787
301840
301841
301852
296388
301548
296415
296417
296422
296423
301445
301595
301596
301597
301598
301599
296432
296449
298080
298081
287551
301600
301601
301602
286324
286327
301603
301604
296391
296392
296395
302246
302305
302306
302307
302308
302309
302312
302313
302315
302316
296463
302317
302318
296467
303432
303433
301605
301606
297887
301607
301608
303434
301609
301611
286383
286386
286387
302687
302319
302688
302689
302742
302743
302744
302746
302747
302748
302749
302770
287000
302771
287003
302785
302786
302787
302921
302008
302303
302304
302009
302050
302003
301847
301848
297987
300738
301077
301150
301151
301349
301390
297896
298305
298306
297897
302778
302910
302922
302912
302924
302951
302952
302965
302966
303010
303357
297988
297989
303390
303444
303437
303438
303439
303440
287046
287047
287048
287051
296880
296881
296882
296883
296884
296934
297800
297801
302198
302294
302295
302296
302297
286481
286482
302298
302299
302300
302301
302302
302602
286942
286943
286944
286945
286571
302233
302234
302237
302241
287092
287093
302242
287095
287096
302243
302244
302245
302247
302248
302249
302257
290354
290355
301972
301973
301974
301975
301976
301977
301978
301979
301980
301981
287590
301982
301983
301984
287941
302146
302151
302152
296787
296775
296776
299077
299078
297034
301810
301811
287193
287194
287195
287196
287197
287198
287199
302352
302353
302354
302355
302356
302357
302361
302362
303001
302366
303002
303068
303069
303090
303091
303096
303156
303174
303176
287202
289996
289997
302719
302720
302723
302725
302726
302727
302755
302756
302757
302758
302759
302760
302761
302931
302944
302945
302946
302947
302948
302949
302970
302971
302972
302973
302974
302975
302976
302977
296849
296902
296903
296904
296905
296973
296974
301812
301813
301814
301815
301818
287242
287243
287244
287245
287246
287247
288245
288246
288247
288249
288251
302802
302807
302808
287248
287250
301819
301820
297107
288043
288046
288047
302656
302660
302942
302662
302663
302988
302989
302992
302994
302997
303237
287289
287291
287294
287295
289687
289688
281034
289691
289692
301823
301211
301212
301213
301214
301215
301824
303410
303411
290101
290102
290103
290104
290105
290106
301210
297059
297060
302643
302669
302664
302648
302650
302651
302701
302702
296753
302657
302658
302659
302999
303000
303003
303056
303057
303092
303095
303101
288118
288119
288120
287336
287337
297065
289766
290148
290149
297066
297067
297068
287396
287398
287400
289816
300760
300762
300763
300764
301202
301192
301203
301204
301205
301206
301207
290270
287440
301821
289858
289859
289864
289865
287853
287854
287855
287856
287857
287858
287859
287442
287444
302937
302939
302940
302991
302993
302995
302996
301053
301193
301194
301195
301196
301197
301826
301827
301828
301829
301970
301971
289914
289915
302899
302934
302935
302936
302938
301208
301209
302943
302649
301152
297306
301729
301750
301773
289142
289498
289499
303466
289501
297489
301638
301639
289512
301640
289514
303088
301724
301153
301725
302250
302251
302323
302253
302254
302255
302256
302324
302325
302339
301459
301992
301156
301157
301460
301549
301830
301835
301572
301593
301594
301625
303325
303326
303330
303331
303333
301154
303334
303335
301726
301727
301728
303336
303337
303338
303339
288791
288792
301411
301412
301413
301414
301415
289554
289555
289556
302177
302178
297488
297491
303137
301416
301417
301418
301419
301420
298256
301421
301422
301423
289229
297404
289230
297409
297410
297500
301436
302340
302341
297596
301836
302059
301440
301449
289312
302060
301447
302061
301448
301450
301451
301452
301453
301437
301438
301920
301926
301927
301928
301778
297311
297312
301779
301780
301781
301641
301642
301643
301644
301929
301930
301931
301932
301937
301938
301939
301582
301583
301584
290438
290439
301645
301646
301647
301648
301940
301439
288612
288613
288614
288616
288617
288618
288619
301788
301789
289046
289047
301454
301455
301456
301457
289436
289437
301458
301076
301575
301585
301586
301587
301579
301588
301589
300740
300741
300742
300743
302730
302733
302734
302735
302736
301721
301722
301723
302737
302738
300744
302739
302740
302741
302772
302774
302775
302776
289048
289052
289053
289438
289440
289442
289447
289448
289449
289454
289455
303124
300745
303140
303144
300746
300747
289461
289464
301155
289475
289476
289477
301590
301591
301592
302335
302616
302627
302913
303011
302336
302337
302338
302628
302629
302670
302682
303028
303070
303075
303089
303115
303116
303125
303128
303130
303085
301163
301164
301404
301405
301406
301407
301408
301409
301410
289484
289493
289496
302360
301383
301384
301385
301695
301696
301697
301698
301817
293662
293568
293569
293570
293924
293925
294447
294448
301699
302037
303465
301700
301816
293927
293928
302762
302763
301011
301012
300631
294957
294958
294959
294962
294963
294964
294965
303341
303451
303452
303455
303161
303168
303169
303170
303171
303172
303173
303238
301239
301240
301241
301242
301243
301273
301249
301274
301276
301352
301809
301245
301246
301247
301248
301270
300638
301373
301378
301501
301502
301503
301504
301505
293655
293656
293657
293658
293659
293660
303103
303107
303153
303155
303162
303163
303164
303165
303167
303188
294555
294556
294558
301506
300643
300644
301507
301508
300646
300647
300648
300649
300650
300651
300652
301509
301510
301511
301512
301513
301514
296839
296840
296841
301024
300653
300654
300655
300656
300657
300658
295047
295048
295049
295051
295052
296842
296843
296844
301116
295055
295056
301553
301667
300662
294274
294275
294277
294278
299259
299261
299262
299263
301707
301704
301708
301709
302369
300667
300668
301730
300670
293747
293749
293750
293751
294779
294783
294784
294785
300674
300676
295114
295117
295118
295119
295121
295122
295125
295126
301009
301010
302790
302791
302792
302793
302796
302798
302799
301271
301272
301731
303467
301732
301733
301734
300683
301735
301736
300688
301119
301120
301171
301172
301173
301174
301175
301371
301372
301381
301382
300690
300696
293837
293838
294867
294868
294869
300705
295789
295790
295792
295793
300710
300713
300715
299168
299169
294871
294872
294873
294874
300716
300726
301147
301782
295613
295614
295615
303147
300737
301074
301146
295291
295293
295294
301148
301149
301831
301832
301833
301834
303369
302613
294090
294091
294092
295702
295703
295704
297692
297693
297694
297696
294093
294094
294096
294097
294607
301921
301922
301923
301924
301849
301850
301853
297701
297702
297703
297705
297706
301933
298479
295380
295381
295382
302969
302260
301842
301843
301844
296168
296169
296170
294689
294690
294691
294692
294693
294694
294695
294696
303141
296744
297792
294697
294698
296885
296886
296887
296888
296889
296930
296935
296936
296937
295468
296939
296791
296941
296942
296943
296944
296796
296797
296945
296947
296948
302783
303391
302784
303430
301631
301632
303431
295529
301880
301919
295200
295202
295203
295204
295205
295206
302444
302446
302447
296746
294007
302330
291286
291287
291288
301988
301989
302610
302612
291742
291743
291745
302189
293225
293226
293227
293228
302191
302192
302193
302194
302195
302196
302197
302259
301737
303132
303133
303134
291371
291372
291373
291374
291375
291376
303351
291378
302062
302117
302118
302065
303352
303356
302103
302121
302122
300503
301216
290606
301987
290610
290611
290612
290613
301386
293312
293313
290626
290627
290628
290629
296831
296832
296833
296834
296835
296836
290677
290678
290679
296837
291461
291462
291463
291465
291466
291467
291468
291469
291470
303305
303360
303307
303308
303309
303350
290680
290681
296838
290729
290730
290731
290732
293039
293043
293047
293048
293049
293051
293052
293053
293054
293055
293056
293394
293395
293396
293397
290737
290738
290739
302957
291553
291554
291555
291556
291558
291559
302959
291561
302962
290787
290788
290789
290791
290793
290798
290799
290800
290801
290803
290804
303408
293480
293482
293485
293139
293140
293141
300412
300415
300417
291653
291654
301309
301350
301351
301986
301353
301515
301516
301517
301518
301557
301558
301559
301706
301537
301538
290877
290878
290879
290880
290881
290882
302267
290884
290885
296852
302268
302269
302290
296853
296854
301539
301540
301993
303304
301994
301995
296855
296856
301462
302291
302292
302293
292719
292720
292722
292723
301463
301468
301477
290937
290938
290939
290940
290946
290947
290952
292353
290953
290954
301464
301465
301466
301467
301469
301470
301478
301580
301581
301633
301634
291988
291990
301471
301472
301479
301480
301635
301636
301637
301649
302057
302058
301857
301858
301859
301860
301861
301862
301965
301966
301967
301968
292405
292407
291003
291004
291005
291010
291013
291014
291015
291016
291017
291018
291019
301473
301481
302448
292898
292906
292907
292908
292909
301474
301475
301482
301710
301711
301712
301713
292075
292076
292077
292079
292448
292845
301714
301715
301716
301717
301718
301719
301720
301751
291068
291069
291070
291071
291072
291073
291075
291076
303435
301752
301753
301754
301755
301756
301757
301758
301759
301760
302611
292931
301761
301762
301763
301764
301765
301766
301767
291125
291126
291127
291128
291131
291132
292530
292534
292536
292537
292539
292540
300739
301768
301769
301770
301771
301772
292165
292166
292167
292168
292169
292541
301936
302960
301947
302609
301948
302685
301949
302600
302601
302686
303149
303211
303212
292808
303213
292810
303214
303215
291184
291185
291186
289636
296817
296818
289649
290810
290811
290812
290813
290814
290818
290819
290820
290821
291187
301253
301254
301255
301256
301257
301258
301259
301260
301261
296806
296807
296822
296823
296824
301262
301533
301534
301535
292623
292625
292626
292627
292628
296825
296826
296827
301964
302184
302185
301536
292255
292261
292263
299756
296252
296253
296254
296255
296256
296259
303014
301887
303015
301888
301889
301890
303016
303023
303024
303025
303026
303033
303041
303047
303049
303071
303072
303074
303076
301891
301892
301893
303079
303080
303081
303082
303086
303087
303110
303111
303114
303118
301894
301895
301896
301897
301898
301899
301900
301901
301902
301903
301904
301905
301906
301907
301908
301909
301910
301911
301912
301913
301914
301915
301916
301917
301918
299842
303358
303361
303362
296331
296469
296470
302953
302956
296351
296352
296354
296355
296356
296357
296358
296471
296802
296813
298482
303299
298484
303300
303301
303353
303354
296860
296861
296862
296863
296864
296865
296866
296867
296868
296869
296870
296871
296872
296873
296874
296875
296876
296877
296878
296879
301395
301489
289635
296859
301530
301531
301532
300730
301541
301542
301543
300734
301544
300736
301545
302171
302172
302173
302179
302180
302181
298669
301546
301547
302516
302517
303441
302520
298670
298671
302182
302183
298675
298676
298677
298678
302186
302187
302188
302202
302203
302204
302205
301483
301484
301485
301486
301487
301488
301629
301630
301628
301845
301846
301945
301946
301950
301951
301953
301962
302606
302607
302240
296233
302051
302052
302238
302239
302266
302320
302321
302322
302326
302327
302328
302329
